File type = "ooTextFile"
Object class = "PitchTier"

xmin = 0 
xmax = 0.626734693877551 
points: size = 5 
points [1]:
    number = 0.08586734693877551 
    value = 155.12800417079538 
points [2]:
    number = 0.16086734693877558 
    value = 155.12800417079538 
points [3]:
    number = 0.2708673469387755 
    value = 199.25626288194343 
points [4]:
    number = 0.36586734693877554 
    value = 238.88793990845096 
points [5]:
    number = 0.4558673469387757 
    value = 387.2641233929058 
