File type = "ooTextFile"
Object class = "PitchTier"

xmin = 0 
xmax = 1.0523809523809524 
points: size = 6 
points [1]:
    number = 0.16119047619047627 
    value = 172.32268176180938 
points [2]:
    number = 0.21619047619047632 
    value = 172.32268176180938 
points [3]:
    number = 0.3561904761904763 
    value = 168.10086123192198 
points [4]:
    number = 0.42619047619047634 
    value = 168.10086123192198 
points [5]:
    number = 0.6161904761904762 
    value = 191.39464435502333 
points [6]:
    number = 0.9311904761904765 
    value = 207.08980002061577 
